Iteration:97  55  22  78  9  0  15  82  30  2  
Iteration:86  43  96  64  80  74  96  9  0  59  96  23  12  27  47  68  10  34  81  63  
Iteration:37  37  61  98  38  28  81  20  82  79  6  25  76  22  6  50  19  67  2  78  64  78  91  91  25  11  53  11  93  16  
Iteration:30  54  8  80  44  37  61  64  71  41  23  49  17  45  7  19  16  74  74  95  38  52  38  82  77  49  35  89  42  4  84  24  10  92  5  54  81  66  70  5  
Iteration:45  54  28  43  13  48  59  39  22  6  30  26  44  12  3  94  99  44  88  55  28  65  65  73  70  19  6  88  42  11  48  87  17  76  30  30  76  90  22  50  96  52  76  93  64  32  87  15  76  27  
Iteration:57  92  36  30  14  8  36  3  50  0  3  37  17  31  20  0  60  10  22  10  58  26  39  3  42  71  90  57  99  70  28  56  62  17  38  77  25  27  32  27  27  35  64  96  18  84  48  78  46  22  41  57  48  80  60  90  3  3  48  2  
Iteration:28  11  87  97  49  16  74  76  48  1  3  35  18  52  6  54  0  84  53  23  25  10  71  57  22  62  12  77  62  15  2  42  78  90  40  27  58  14  4  59  68  59  46  86  63  52  40  64  37  93  87  14  55  10  72  78  24  84  55  86  51  58  81  29  0  21  9  58  87  65  
Iteration:55  24  64  41  88  68  82  4  5  27  43  72  83  53  96  61  30  80  68  68  84  26  49  65  78  70  74  37  58  39  6  13  16  22  7  56  91  89  12  48  68  55  20  51  60  16  64  90  49  33  59  85  11  8  50  90  31  77  79  89  68  85  54  36  8  61  92  51  2  4  99  71  11  72  74  72  88  39  62  89  
Iteration:73  74  87  82  77  77  13  54  56  54  74  94  60  11  54  22  55  5  76  12  56  99  23  28  26  47  69  17  10  10  41  35  37  28  17  14  58  82  20  66  88  94  12  49  57  66  23  13  23  99  25  80  51  48  60  77  96  81  94  58  92  87  93  29  67  63  95  25  97  15  44  86  61  56  35  19  75  58  84  98  9  9  30  60  9  43  89  57  24  35  
Iteration:68  22  13  97  90  76  44  67  25  11  63  11  73  72  98  44  47  56  28  97  18  37  28  30  98  71  72  56  47  7  23  16  30  36  65  72  64  10  91  90  21  7  53  46  79  52  90  26  60  70  75  30  7  3  61  58  26  33  14  26  92  89  42  22  78  7  46  94  69  90  84  91  97  90  37  76  42  80  54  54  50  29  85  10  85  98  68  63  31  34  89  23  23  31  98  53  91  96  48  60  
